10 20 9 14 7 17 22 4 1 18 23 2 11 15 5 25 12 16 13 3 24 19 21 6 8
5 15 2 11 23 6 8 19 21 24 4 1 17 18 22 20 14 7 9 10 25 16 13 12 3
8 24 21 6 19 14 10 7 9 20 16 13 12 25 3 18 17 4 1 22 15 23 2 11 5
22 18 1 17 4 12 3 16 13 25 19 21 6 24 8 15 11 23 2 5 20 7 9 14 10
3 25 13 12 16 11 5 23 2 15 7 9 14 20 10 24 6 19 21 8 18 4 1 17 22
21 19 17 24 8 20 9 10 12 7 3 6 25 16 13 4 18 22 11 1 23 5 14 15 2
2 23 14 15 5 24 21 8 17 19 22 11 18 4 1 7 20 10 12 9 16 3 6 25 13
13 16 6 25 3 15 2 5 14 23 10 12 20 7 9 19 24 8 17 21 4 22 11 18 1
1 4 11 18 22 25 13 3 6 16 8 17 24 19 21 23 15 5 14 2 7 10 12 20 9
9 7 12 20 10 18 1 22 11 4 5 14 15 23 2 16 25 3 6 13 19 8 17 24 21
25 9 16 10 12 22 15 11 23 1 14 7 5 2 20 13 3 6 19 24 21 17 4 8 18
15 1 23 22 11 3 24 6 19 13 17 4 8 21 18 2 5 14 7 20 9 12 16 10 25
20 2 7 5 14 8 18 17 4 21 11 23 22 1 15 9 10 12 16 25 13 6 19 3 24
24 13 19 3 6 5 20 14 7 2 12 16 10 9 25 21 8 17 4 18 1 11 23 22 15
18 21 4 8 17 10 25 12 16 9 6 19 3 13 24 1 22 11 23 15 2 14 7 5 20
19 6 8 13 24 2 7 20 10 14 25 3 9 12 16 17 21 18 22 4 11 15 5 1 23
7 14 10 2 20 21 4 18 22 17 15 5 1 11 23 12 9 25 3 16 6 24 8 13 19
4 17 22 21 18 9 16 25 3 12 24 8 13 6 19 11 1 15 5 23 14 20 10 2 7
16 12 3 9 25 1 23 15 5 11 20 10 2 14 7 6 13 24 8 19 17 18 22 21 4
23 11 5 1 15 13 19 24 8 6 18 22 21 17 4 14 2 20 10 7 12 25 3 9 16
17 8 18 19 21 7 12 9 25 10 13 24 16 3 6 22 4 1 15 11 5 2 20 23 14
11 22 15 4 1 16 6 13 24 3 21 18 19 8 17 5 23 2 20 14 10 9 25 7 12
6 3 24 16 13 23 14 2 20 5 9 25 7 10 12 8 19 21 18 17 22 1 15 4 11
12 10 25 7 9 4 11 1 15 22 2 20 23 5 14 3 16 13 24 6 8 21 18 19 17
14 5 20 23 2 19 17 21 18 8 1 15 4 22 11 10 7 9 25 12 3 13 24 16 6
